# N I/μA
11649.000 0.200
11928.000 0.200
12322.000 0.200
12488.000 0.210
12538.000 0.210
12482.000 0.200
12726.000 0.250
12510.000 0.350
12494.000 0.400
12678.000 0.400
12718.000 0.400
12487.000 0.410
12825.000 0.500
12824.000 0.550
12850.000 0.550
12862.000 0.600
12962.000 0.600
12882.000 0.600
12815.000 0.610
12954.000 0.620
12922.000 0.650
12996.000 0.700
12914.000 0.750
12854.000 0.750
12916.000 0.800
12931.000 0.800
13047.000 0.900
13003.000 0.900
12837.000 0.950
12718.000 0.950
13000.000 1.000
12967.000 1.000
13132.000 1.000
13129.000 1.100
13269.000 1.100
13438.000 1.100
13413.000 1.100
13552.000 1.150
