0.000 0.000 0.000 0.000 0.000 0.000
5.000 0.010 0.010 0.010 0.020 0.030
10.000 0.030 0.040 0.050 0.050 0.100
15.000 0.050 0.060 0.100 0.100 0.180
20.000 0.070 0.090 0.160 0.200 0.260
25.000 0.080 0.120 0.220 0.290 0.370
30.000 0.080 0.140 0.260 0.370 0.480
35.000 0.080 0.150 0.290 0.450 0.600
40.000 0.080 0.150 0.320 0.510 0.720
45.000 0.080 0.150 0.330 0.570 0.860
50.000 0.080 0.170 0.340 0.620 0.990
60.000 nan nan 0.350 0.690 1.250
70.000 nan nan 0.360 0.730 1.480
80.000 nan nan nan 0.750 1.680
90.000 nan nan nan 0.760 1.890
100.000 nan nan nan 0.770 2.070
110.000 nan nan nan 0.841 2.220
120.000 nan nan nan 0.780 2.330
130.000 nan nan nan nan 2.430
140.000 nan nan nan nan 2.500
